ts	phase	decision	why	evidence	result
2026-08-26T01:05:00Z	frame	done when breakpoints and text-xs..text-xl rem pairs come from defineConsts, per-file SM/MD/LG are gone, eslint valid-styles is on, and computed type sizes on / and /base stay the same	official StyleX LLM authoring says defineConsts for media queries and unthemed font sizes	https://stylexjs.com/docs/llm-resources	open
2026-08-26T01:05:30Z	frame	skip arena/architect and skip extracting stack2 or a Tailwind clone	the docs already name defineConsts; layout stacks are page-local and a flex column on Field.Root already failed parity	.cursor/skills/tailwind-to-stylex/references/visual-parity.md	open
2026-08-26T01:06:00Z	frame	do not rewrite every top-level media-query block into nested properties in this pass	that is the documented shape but it is a large visual-parity risk on /base	stylex-authoring.md antipatterns	superseded
2026-08-26T01:40:00Z	loop	nest remaining top-level media into per-property conditions with [mq.*] as nested keys only	official LLM docs plus @stylexjs/valid-styles error on top-level media; @stylexswc rejects top-level [mq.sm]: { }	https://stylexjs.com/docs/llm-resources	keep
2026-08-26T01:16:00Z	verify	eslint valid-styles is clean after nesting	@stylexjs/valid-styles error on remaining top-level media	eslint app/ components/ lib/ --quiet	VERIFIED
2026-08-26T01:14:00Z	verify	next build --webpack compiles nested [mq.*] property keys	@stylexswc 0.18.4 rejects top-level [mq.sm]: { }	15 routes prerendered	VERIFIED
2026-08-26T01:17:00Z	verify	home about base type scale matches font/leading consts	computed styles on production :3022	home h1 16/24; about 18/28 at 1280 and 16/24 at 390; base h1 18/28	VERIFIED
2026-08-26T01:17:30Z	verify	hashed about classes exist in the webpack CSS chunk	376 of 393 HTML class tokens in .next/static/css	07fdbbee5411a013.css	VERIFIED
2026-08-26T01:50:00Z	verdict	do not install aidenybai/tailwind-stylex	default Tailwind v4 oklch/spacing dump; this site uses shadcn CSS vars, Geist, and a compiler include that excludes node_modules	https://github.com/aidenybai/tailwind-stylex	keep
